- 250.    0.0163     
  - 240.    0.0833493  
  - 230.    0.1469776  
  - 220.    0.2072480  
  - 210.    0.2642304  
  - 200.    0.318      
  - 190.    0.3686379  
  - 180.    0.4162301  
  - 170.    0.4608672  
  - 160.    0.5026442  
  - 150.    0.5416599  
  - 140.    0.5780167  
  - 130.    0.6118199  
  - 120.    0.6431776  
  - 110.    0.6722002  
  - 100.    0.699      
  - 90.     0.7236907  
  - 80.     0.7463871  
  - 70.     0.7672050  
  - 60.     0.78626    
  - 50.     0.8036681  
  - 40.     0.8195445  
  - 30.     0.8340036  
  - 20.     0.8471586  
  - 10.     0.8591209  
    0.      0.87       
    10.     0.8799027  
    20.     0.8889331  
    30.     0.8971921  
    40.     0.9047766  
    50.     0.9117798  
    60.     0.9182904  
    70.     0.924392   
    80.     0.9301632  
    90.     0.9356770  
    100.    0.941      
    110.    0.9461928  
    120.    0.9513088  
    130.    0.9563945  
    140.    0.9614885  
    150.    0.9666216  
    160.    0.9718159  
    170.    0.9770850  
    180.    0.9824331  
    190.    0.9878547  
    200.    0.9933345  
    210.    0.9988468  
    220.    1.0043549  
    230.    1.009811   
    240.    1.0151558  
    250.    1.0203179  
    260.    1.0252135  
    270.    1.0297461  
    280.    1.0338059  
    290.    1.0372696  
    300.    1.04